000000000010007040000010000170050302590408070200003000060000000400000003000004021
004090030500000004000008120400003070076105000093040005032604000600000010900080000
009002070000600030082030000006300004100904560000000001000890640040105700000700000
340050060009000400000014000000000094070903580090600070600380040500000008000007050
000100050003004000021070000910200500000700300000809026030080045008000060479005080
190000000000030000600709400000080300001500008780000040000302000030900001000450900
000603080070420310508900400080040900000000064000309501804000190005000000100200600
085000300070003006304600008008000500001207000007000040000000003000406702400902000
200510000010270030000309000700003001000020040300006080002800600100600758040050020
000609020001007050900000008003140005400000090008206304300400000000000002800060930
000000700000400900130000048302091050000003004006070080000000000200009000000030801
053026700040087000008940260607500014080200000300609000000053000000000000000402130
831007000000005030060000120050082000000000090307006200700200003900008014048000702
900000000800000200030270000600703000485000000009000005008041056000860002001005008
000310500000086900801200040080020000010075000593000200000007000350000601008030020
000075010000001000010600009000000005030500040000108306008002000000004000000790000
040001000003000060800000352000010000205000090100090400400530000058006000600000010
045020036070000910100000000000070003000502080000018020010400060000900040009000000
000004008090800000830070000001592040000000030200000000500400003060000012000123060
000069200000000050000410007000300004108500090300000100000002070053000009006000800
600007000000006200000130400008500000590004600070008315000000803000001000702900060
006001000000000300010300204000600402025038010008900005502180600009040000000506000
700090800380006050090020007003002004600000000000538260000000000200004030400001980
280547000000008000050000702600700300040025009300000051001000094000070060004010000
803500000000143008060000047000002030379000002200300000005600020000090500630800070
800020140000040000000800000008100090064000280000008030000080060300006072920700000
901003000000400005000960100002000080050004900140005002006000800085032000300658000
095020000060830000200010008500040000002000090900065170140050800000400650000370001
160000000700005300004100920007310040000000030005480207800200000000006010900000704
060000700072306019000000030640080200000002050209160008196700080004008300700000000
600200000000000020000400000700000601540060000009007300900600080002040000000001000
070006000600500200140020008000008030020000976500040000200030600810002000000007000
000359040000070000007000020300817000005290630408000000000020001020000000000400053
000010900300700002009800000020000000008602000000357060001000030000000600007004005
080060045000050010000017009824000007010008000500000002040000000300095601600700800
000079000020000000600400070040820000930007000000000200003001060000090030000008000
005000400000000187000900230604100800000360000703009001000005000308000020010830600
900540000800600000000007600000050007012300094000084050000093000000008706070000042
000012003040009000320000000000067800000400035000000640060020000203050000950000002
060004005030000070000030006090008000000306102020400300010000008370095040000040000
300000005050060070000010000900001000680000900000090002000320056200000001000000043
050006001608300200000250030900861070070000040006000000102000300000090050000000000
000000020007000030004800000600070508000020600903001000005000000070083060000057041
745200000000000200000910000431000650200005009060000000000021080310800745000000000
056000000001206704043080010002900003000318056038000070400090060300000000000175000
050306004000000000000409050000103000000005700000008043000000000003000000005600002
000070000900000000005010720400209000500004001009100500004600050300000000870000000
540000000000007000006080200000102090000000503300670040004000000000201900050903607
600003000087009003000060005900000007012000500006000108000800704039140000004905020
000020080000003020002907300057006400903000001200010000004690052080000000000800070
008005000000012000009008000800300091004280000000007000000700000630004002000020000
030010500015007000209500001000401607700008040000059000400200008060000000183600009
001002300090810000600030005070308090500100030080000104000081006000020950000406200
978010000500009630400000000000450078002001006000070000300000090050000000800094560
000462010002090800000010230060050090070800402200000000406900700009000650800000021
078300000000200000500000000040070200006000004100085609007060000000000000000000000
100000006000000000006800247090080000000105000025700900000060078057240000400000500
018000007460820500000006023002050000000304000094001008000070000000000601000400200
050000007001250000307000000000402010500001300008000400100070005600093000804000000
000004200000306805000708000100000000340680012008000096000070080000031970830000020
400006300000010040009000100000500000032040000600090000000060080000007000000183000
010800700000040060034007050003100900405030001000005800000092400940000000700000009
070102600005000000280000000003009800050080791006010000300000004040600070100005900
000605000000000000700300000037000408010000000008020007003000000451007030090002700
080000045000070000000000008800090260000430890140000000000600050261000070400000100
000000000000000000000027010004008000000274050020000080001095000006800000000701000
000056071050900600000008502000002800000040003070500000208000000000034000000081000
076100350000000000004007002100040097000600000907000060000000070000816504010005006
000938001070020006004700000061000007080019000000000009003000050000470000752000600
000007050000008200000200010700100608105790000000000000039800700200000060050000002
070800000000050000000700056500002100000000000080600000001900070000061000000000000
900406100004250000000010020103000984006080000709100000000800070000001000070000000
000500807000100936190030000920000400001020000080000002000468000000200000056093080
705080001900020000030007000816000000300650000200000000000010090040000780000002600
070310609000800100000900020196503004403002000080000005018000000000090080000000050
003000000080760000050000000800030000000940000035006400300024000000000030000100004
090000130070060400000500760300910070008000006000070000000096003203700080080302050
004003100037200900025069807003000400001000060080050003000810002000000700000030051
000050300195730000030600000003005120000001680600300000721040800000002000086000004
000000000030608020004709038050000080012500470008304002070000000006803000901005740
000090010000010000700000000080530000000000100009700345001204000000070000000060000
001630000003000100000059206070960004680400007300000620010095000528004000000200700
000060320302040068000005900921000506000000080040000200010008700000059630000713000
000700001900560000006010000003000006700100859080000000300070000000892060801000740
000009205000820940000000000009000030460701000315000006000012803100006050000040070
000007000050204000000080020800000003020000480049608007090513800500070000000002060
050089100002003509400010080007000046000306000090008000003700000200160050000002000
050008000000600020300210009002300570001090000803050096000000800000503002020709040
750000090001060500080004000278000006000300000300070109900251070000780260000000010
800309500000000060060010370900000020014020600000547000003006000057000940028700003
000003050000500800000070000000360000030002000000405000000000001000891030000000490
000042800630000007900030000700000080012400063005086000040000000000200000209860000
201000000000000009076080100000000000038050004009710000050030802800060030000005900
004010000200030000056000000000000040009000200360058070000002001020300050001500004
001002600030700480490008007004923008010605000800100020000016000108000002307000900
000000014000048000000016000081500409000009000000000170039000080000020500070093000
000000406000020080020009370050000600010600705070300000003785000800004000260001000
000004007043000060002078000300010070060007500009300000014023009000951830000080700
006500039025000000000408070650000700000302000180600000000060020001700063500090840
080002300500000700000500000400006100029100050008300200012009000860700500007003821
000000000008005030040020000902000050000000000010600204807050000209400300050903000
061000000000000204720300080000940013050006000009010000340860000600100008800092040
760201008000000007045000610006703894000904100800000700000500006030000500000060042
010009807005017209009036050001605000800000040040000170350020004000000900908060000
000803600300100009000040000000001000056000710009067304000710920017050060500000400
042800000000200060300600000003400200000900006067000008080503000000000000005068020
005004060400007000260000480000000901031000000089602000000708042904020000020400300
030509000040000078008040006020650100104300009600700230000000091060000700000005040
520030080904000000008127005000060000060305040007280003090810672000706908080000000
000005200000000013020906008900062004570000000000009150060000000300800000859070030
400008000000500730000200000000000900002003146009450003090800070000070000004000360
070100000040000056012000040000400590600500074000080301820053400000900000001020000
000020710000450000290030005003805070002300500007000004000084031730501090000000000
708056090000000000000030004019002300000004000200000610090500170361790050805001000
070290000000000056360050700600000200200710065000003840510830004008000010003067000
200000060000009000000200000001004080060003500000000000000002000000700001000860300
002408690070300000060700400000000000001504083000009004400007200900053000520000000
300000047006800000005400800020000050500900400000630090060010002000500000000070030
006009000705000000000206000000407008070000010052680079904070000030000700600002001
000008400001200000300000109000804670000900030040010000900400010080000050700600340
000030060805006000900070000057000600000410000300000052060050000400001000001003800
309060070400070500020900400500000000091000300000149000905208000100600805730001900
000060009000000100804705603907020400041080090080000271060002000000004500000096080
000504060000000400030270001009006100500000087000030005007000000301090002002043710
000450230000060040800900500090600008003002000607500100760205001028004900000010000
000050010000001000010009000000000008020460000100008090000046003001000200000005000
030009060012070030509000700004050800000000004000306920306580000050900000000000010
030500000600000000007100058060902000002003080900080070010300400000604030000010760
310000000000040001200503000030100800000007246020090000600000520000600400005930067
003004000200003000000508040420900100000000800100050462570000000000080701010400503
000007000807036019000010000600000700109070006078460090004500000060000000000000800
050030001800000030030700009020000008305000090100382740040005000600900807008670000
050008209000410030380050000730900005801000690060030000000700901019603050000000042
000907004100008060000000000000060030401070000097400000700032006200091000006000100
000040903000070810800210040089000000201304509406000002010000670008107300000000000
010006000002000000400000060943000000005703009106948050000002500030075000000000600
053080640000070190000005000006050901700000800000163000502090010004017002070802400
004200000070000400000000005050914076100006590006000084000700003000053008060400000
094300000501900030007026000012000000905000003070154000048000060103000070000042300
500106070000350040600000030205910400308070000000000010000700000000000653900084000
000009600000001000000000800000050470040000009009300002000042090000000000000700000
004090270000000608908030050300900800000300001070010009006080000210000000000104000
254900000709061000000000079000046090000200000000100500600000005000070001800094060
009048000748300000010000000060000142030007960200001007600500000000790300000860410
090000000000000600000000370019050000000006405007100000000003000000068743040000001
300009060008050000000200000005000070000000000000100092080090000100000000000620000
030000080840070090916000000000400879000700000208003500620000300009010008001500000
084000000700603000002000010000487030001026000870100600060001000000000376000000080
000000080030509100016020000000400650003200000605000302040000030302000800098030407
000000908000058100000609000060000005008000000009026080400000570300100069000800001
020008300030006000000300008053002080000000000008009105000000000005070900080090000
903000008002007006500000400037040080005700001040102005050010020600000030700683000
000020009020400070006000025040003590002000006980010000300900087000800301008370050
462030000007000005000020080306000078000000529000097100020843900000902000080000030
000903000900001020000250360560820000004000700008300640000000900203040001610080004
680000040000003000010000000200060000509100007030020090000017900000300002000800000
008000006060400008200000457000603700002009000107000000400392680820100000900004010
030810004560000000002079130000050006174000350090000000040000207000907500000020080
005740000000036000024000000006180240400507130300000608000000000060370014008901002
900600100002015000000003078008300500140200006607080030000000042400006900700002003
005020008000040010000009000000250000270608300009007002000000000090001000000300000
870400009000970240900000100006000402004507300050060700060008005400001000017000000
300980040002300000000206000900701405050000690207000100008009002010000300000403001
090000000000420090856000000501900206008000000000300480002001605000093807073002010
000900037000080609000000000700040300000100050009000006040010060502300784098007500
004000000000590000006000300000300000000140008420000000000035007000000000000870000
200010000080020709030008002740000000500090023000006040000000004004065000910843006
094750000030200000007600000040800300001020008000010002000306070000000900300000501
007906000090510000200000000300004100400820000005000000003600090080405003600000000
007000000000700000000940100060023007000070681100500300010050009000200403890000020
050400000040290500300000000090800000000530007000070280000000000001004003000000000
000000005090000006040905000000208000105000020307540080000004050600300040008050300
000950003040070600190000020000006000050300007087000000000801005500000080000563000
079508000800904001130600000400200007002406000008070000000702850000000090000001000
000003000003900006000100009020560000090000000100020060000410080080600407010700900
000001000000000000700600000906400070520000083000008000000320007000850000098070000
001004006700000120000600907180000690000005201000146050610509000042030000050060700
600000020085060070300000005079003200021650300000400000000100030000000900000700154
032080000500000000700005098689070100000000000003600072005100000001800920040960013
007612405000840020000030000000009600020000003058006000600100072005003040003060900
047500000020030000300000050000700002700000000050000600000000003001004000000008000
007000000000000405010039000070800031000000002809070000030025047684310020000004300
700041020004300100000257306900106007000090008005000000000000000000080000050002004
400010000000600001020950000600000000300007598000040036594020010000080000061500040
003000908000040050000070006075201040000003280080000070000007003692000004800060000
000030000000090000020060100100020000000000095000400000048000000000003900000640000
000004000930570000000100000000760800200000040100009206002603000009800000806010020
300020000006000048400600300000400000800092004904030605000010000000000751100000080
050010048030007000002030000000800000000020430140069080401270500003000601000000020
000000023900080600000000400000625000000009150050007008000008007090000080407960500
060030000400008030009007506000000050006002000300000800000000000000160000000780060
069001508800090001004060000040009000000200010095000300300042060000080400000010009
400020000070000005093005267001402300000008000080010000000300006030060000506890073
000035000090000000000210000000374000030000027008009105340000000010007000009000006
000006039000040200060930050000002000008090010100000704500100000600000003030007940
000000000300000009740005000004603005680017034000200000000080940000050000007300000
001600009090070260000000104050061002030004800000780000000050000082000300010023740
260100730000000000104007900920700080041280000000039501000060047009005000000070005
008009000090806000005020007500000270086300045000064080200040900030005020000000700
940321000000005007000070039009007200038004095000000300010090000080006004006010572
000060002000040000006000040000000350872500000060000000050004900200018700000020000
007820000064000050000007098000000500100008000020700040200600000930000000040059006
000000060301090000008704000090003000070900056080002003002030070000000081040601000
000000050050000200013800000000047060008950040020300500000104000000003780070002403
900006000700080100000000009600009300010300200000070000000703005006840002000600903
070040000000000000010000000000004107000609005300085000040010000000800000000002900
008120090900000050020500008070002006060010040084790000001005070000200000207080010
080530960006087000700040508045002000031000000800100305000000840000000092000800701
023708040080500000000000000860000907030067008090000300900400000000070002542891070
000500013000700008900018740005600000004005000006080002007304006200906000000000270
000000009000000000030600000000090005060000304009300106000710000007030000000060000
030009400600007008000060120004080000000000700002603090045000000200005000001200030
008210900690004200030800500001000002200106000080907050009083400000600000000590060
040200000003050007700100000076000809000900006100027000080003200007000000000002501
000060000000001029000000508000010306420600700000900000000200003095080000070000000
090007000004000000010000009205010800000090500039000060000800025000006080000002000
207000400000400037340800060000040000060039002009270001600500090000086004003002010
500070020804502000090000600030706091600080000007105000000000087000900100009060000
010405000079000000000900000007080140600700300008043000000001000050000706003570008
025800070080627005000009000048010000010095300000408502490000850060002903000046001
020008000000700000400500000504072300806000070000059006102000000000900000000213000
001000508604070000030600207903000070060030900050000302008040020700080000000700400
900000000050100003070409000300000050081007000094002130000020005000900001000608402
570009102000005000013460000820003090305006780006500000008000409050090003002030000
000860000000074369000000008009003107605900080030057006810020005006000000500040000
000000406203000000000130000800200000000300000004090000000020050500006000000400000
008063500031070000500000106000020058000080702006090000060000000700900203005002000
002001609901000000000000005084300062103000004200100080406000200000230908000000000
000000000002070500900400000300200400060580000290036010030000006000900000059060301
050030020000704906000000000097008003003000100108000060040260000000003700000490080
000009700074020000000008060002047000000000090601000000000000004007950000000000000
048000090100620500000870400000406730406203850200000000030900000080060074001000000
600030008003000907900804000000700060040000080806100009700010400000000520060200000
000230000006048007000006000879000500050000368004502090000001000005090040040000603
004300020000040000000108000690000730020000006040080000100007900002000003000500640
003000006005000010000006000700000001080203009000078000000000500500000000000480000
080000200000032068003010490200001000010786000650020000160000003000040005007800000
860003010300000000200500000000250000000700080007000062006030001010026074000000600
000000000007080500408003000003000000205600000040001320000206001560000700700900040
500000320000000016000067040018030000079000100000200070003014900000056000086000000
000806000010030000000000000009700000000208036007063090006080000800002900004051000
000000067000009000940350000308000070500007009070143020081460000400000010050020000
050000027201000600087000010000356090060002800000080000000063970000917302000040000
980007006040006800000810004000080340000000007070309001060100098702590000005000000
000163000900002040000005107070020090000000813006490000080010900300000028740000000
100000000020540000000009020200000300003090050005087090050063000060870900002000000
017200090906000800340100206500900000400008760000000052004070100000005020070003000
008001035000760009000250600201030000403800070906000008000010000000506400020084050
007040050500789060069100002003021000000800000200000000000050039600000408790003500
000130060900008047000009100008400003005010290006000005420000000000004070059020401
000057000000000008006300005000020000000609004680070102000004000000000060900100000
400020301000090070006800000820500017000000080050089402071052000300600000090040006
400500030002013040000049008050000007100006000609305000000030500008000020005170063
800540000600008000420006900107300020940000000200070000006000709000700506000090100
000300260060905040000060109070000000206408700130006000000700030002100005705083004
000016400430200060000040300004000000070092006000073104003700000200000000000809000
000005100100206080000000240509800060060002015000000900000070000200608430081900000
000076009001900000039020610000630002000580460090040050400000021060002000300005000
000806003003400200060030000600000308100080060009000104090300601012004000030095427
000007000000500836000010025004000059960000070100089400009070000000306500500090301
070002000000008000000607010000300020301000000050271000002040053000795080000000001
007008600000134000005900100000000901900780350100000080300006070009400000600590000
600010000000029530028500010900004002150070000704000000000002900000600080010005764
000900002070005000206700000407090306005060000108007200700002930300500020000080004
053400000080000937001030020095000306000009400000310000004000205007605040030800000
000000000000000000008020000000810005200000470050007160000050002000100340000060000
000650070000040351010009480004100902061000800000367014006000000450200000090000008
740030000200700058000000079509400700001008000400000090000000042000000900000064001
700000000001000000000120000006000307000000040200004005040030000000906000970040058
002090015340050007000007300008003500000000080200400000075030400009008000400002090
001300620040000109000000000035920017804007000200006308000600000000000000000000000
070042000000906004005007100002000090090400700000300008030000001000008040801600000
000000008200007040400008215000000000300006020008000409620800700109004600000000590
000840000950200000700009000090000000086003509040060300503002001400000800000000600
000001004000500710000000030000000209090600300206000001020000000104000806050980100
100000000000610009000500000000000100640000502000080306000060000300020000000900000
900002308538007000000000501706010003803000902000003740080009100000078000600350000
386020105001000900090000068050400000260070300908250406000901000009000000000030804
407050000090000300500300000080070095003090460000000008800001000304200509700960000
000000260000000050000069000670002143002806000005130000040610002030400900000000001
000002000100604000306000018050010080804500300030200000000063000000000000000900001
007560083000108400000007009006030802040000050809001030080000000000700100070010306
370000120000200030106009040003040207400700000790008000000085000000030060018007400
602900000008056000910420000250004009109000040000300207300000000094000100000005600
000008634000004000001007500007102008200906070080073090320000000000309780000020001
000000000000000009000509000900720400000000000008040002050081000000005080003000000
004807020008006090007920060000100600300608000060050001000081000001070000800009000
092008000003005100008300000000700006070000080000023040000004017009002300000010002
000009050000000000004200003100800000090004700080300020041000005003970000960080200
000570600080000000000000420000204090470000001860000000200300005000700002030602810
000020800940000000000450000008600005010070008060030000050000000100007004000010000
000504002864001000100780400000900608082400000090010000000000000000800940040003000
007093000090000500000000620300080400060009100904060000800001360000000780000850000
009000050000300100050200000301500090002010374080090000000001920600002500003000000
000000000004902500000006100040700013153000000000090000005089702006004900097020030
900000000000000000020050000010280000000700619400000000000000700009060000000300002
000200006004080370100460005000052007768009000090600801500000900072006000900001020
003002580240000030009000000008601000000095000600008070000100900000070600000000020
907008000004030009006200000003002000100050090070400300005300700340007060000000450
700000300000000720002008000200060090100750004050040100970002805004000902000030000
000500000800009740009017008930200007000076100000090005004005000010000900600040000
143007000050000260800039000000004900500300010080000702010208000092070800060000009
082000000000000069007800005600005908400098100805002007000050003740000000008924600
002003004408056010003000600960084000000000920007000008000001000104060079070500060
000350400900007200000904050510000904807590061000000007020400000000038700030000008
040003007500090200070004000200060009000280004400075100020700000004900800080000000
002408005001052000058700031000040000020000650069070000090030040207004500000800070
060000007170000009304000000500010080020008596700009030007500203200601000000090004
701900020000006004006437080000000102900021000000504800010600298002783600500000437
000803040800500210000900050204080600000600003000007100907001000040000035000000000
700403006000000000000700000000000030000805060028000000000200600000087904060049050
760000000235904008810000000000506900900020034007000651001002700500801000070050000
402000300750000004003008705200947100004030000060005008006570980000300540000100000
020000000008040000070230060004078000300921600000004379000000703205400900000100080
600174000904000030050000004041000600806090020009020003000800900100006000360050070
000090000043006000006030000007850009000007050000000003702000090000000005008005000
009007200400000080050126300000000009200500010790000600030090000900050043081400006
000001009002034605160050000034008000201000090000000570000015000000060400000000000
000040702500800000009020008640000009100006300027000400700000000083010560006003201
090000000005001006000640000900002000080100600007400500020000903003708002400030001
500906000400001000000030500051093004900104080200000001005008000000010000000050400
120050704300000090009000006000000010000600002700048030010006500800070400075020000
300000000800000739004010006000006401400020000906040058000030005000100000500207080
080000005000870000200130000102000500400090700007068120500700960001980000000450000
000600030000704910400000007009000108000508070100006200000043000308000500741060080
100020070003091000000070000000200000000480100607005000030800000000010008060000000
000704000005030407700905002000500800000600019000049620006093100009000003050020000
000080067000307040087050000706000200100590000900006010070243051000001730000000094
200046030108079000000000060050401200010000000407090000000200000500980007840007310
000003205008120000000900700040602103070000090090300400050060080200000000406850000
000000800000003000000100509805001206000069000190007340000704020000006400000000000
600009507405100200020000049050000004000984000908300000380002000710003000009001000
000002000300400706690510000040007003150290040000306050800901000000000084509800300
240810000000406000007000000070200005009043000015009400000000042050702060900000051
020009840400010000000608000350060020000300000007080000700803601138000002560007000
020600000000035809000108000000010004092370000078000090000540900009000082040000000
000046000009700050013000009098600007050004090071000600000097020900450000084201000
000005000200300600070024000402800001001402000900607400000006070809000003000009010
000100000480000009007250040200700408130026000000004000000081302006900800001000900
900150000082006109000009008000000000007934020040605003108200670300000981500000000
000000056008000300000200010103008000000304900000000005000800090700000000000070200
000295000090000400008000007000031000006580000530000010070063000000000008019000000
100002546600100000000008020500073000037000410008000003056000300300900061010006002
300160000000030700000025000020640500000800000000010400005090070001400080072500041
090800105000000900200000000000610070000000300000090008050024000010009083700001540
007000903000500000830719000200056008000300000000004006400060000000002030002000000
000900000038640000209000015307100950000000200005080403000000007052306000400009830
700026000409000007000000010670900000150002098000057064903000052000200040000010006
070500400009403000003000002001082000937000060000006107704000010082007030005060704
000003008030000670000057000068700200020600001100040090016002047000090860040370500
050008000007200030006000000005009000000300082020000600000100000400000005000000020
000000068040265000000007090000300705001000030000420000034008050002000007109050006
600040000020500007009017000360400205500031670000020001000000894030008500000000000
700000000950070400800000000000009000040001002169500000000620983200807010000030000
000982000005600800020730040000400006750009300000100000904000750170004000000807000
000309000000001800200600000800090100900005240000100005080007000000900700000002000
000000006020800009108500007000000000094300000560020740000091000040080000689000200
052070100030046000090500706040000300100000407000000002000009000800001050000020000
050000080007618000000000000041000007003000000000100203109200800000860030005970001
000050000700000004000100608000000200016072005037000000000407003000930060095000001
000000000008000006000003008000001007060820000000040005710000000000168000800000000
070560090004800000000037000010402000500096070302000500000000000037000008020100000
060081030095000000000940000072100000501400089000000000000057600006800094008000300
200000710000419000015200800602000000900700020000024000000800300001003087070940200
000005060000020100000080300017060000400090600080007000000030970040000002700000005
000500003040380050500060000860072005000038400000000008090000000005000000000900040
000007600306820004009100050070600401000004005080000732200000000000030040000700500
070030106060000000095006728007312000002004087000070200003090064050000300000000901
000008090000070005009200000040030207000040080005690000274000050153020000000007302
000030024000060050040010000000901600905800070008040290026100940009003580800002000
000210000020000100000008000070500019001004000009086200080060040400300000006000500
500020069000009100000500270200041506009007000300000001100702000003090020804600000
070180060094060010080700004030000007700905080806010000000000000100090800000000956
600070080009000400000100006260047000000308000500060009025000907300080025006000001
040006109000200000500000006000030402014090500050000010900170080103009040008600970
008000020000005000000020030000000003300000070072600000720003000100900502050004000
000005006005030700060410083008001000090000300004506890002009008030000000000060000
964000000000002010102036070057003008000080007300000000020001003000304502030090000
000000720200050100000010050007304000800000092090000070100000584304200000000700000
000263050502001300000005009054180003000059080000000200000600004003020060015030000
000401600000700010000020000604030290030000800200860004000082065000070000809500000
000800004000600039806003075090345600000000003075000001080716000700000000560090000
003001000400080009700000000020057004030060090907804100600500200010040980000000073
080020000070400000500013809002047050307006000000000090200000000090281607000690010
065003000000752039000000010000010090204000007070090005640080000010004980050000070
